England
all entries, 749490, no limit
k=15
distance: manhattan

split done
[[  212    97     3     0     0     0     0]
 [   30  7599  3116    43     0     0     0]
 [    9  1073 27557  9527   140     4     1]
 [    0    31  4999 52152  5407   109     1]
 [    0     0    96  6941 19921  1224    92]
 [    0     0     8   387  3264  3231   490]
 [    0     0     0    33   378  1051   672]]
              precision    recall  f1-score   support

           A       0.84      0.68      0.75       312
           B       0.86      0.70      0.78     10788
           C       0.77      0.72      0.74     38311
           D       0.75      0.83      0.79     62699
           E       0.68      0.70      0.69     28274
           F       0.58      0.44      0.50      7380
           G       0.54      0.31      0.40      2134

    accuracy                           0.74    149898
   macro avg       0.72      0.63      0.66    149898
weighted avg       0.74      0.74      0.74    149898