England
all entries, 749490, no limit
k=15
distance='euclidean'

split done
[[  217    88     4     0     0     0     0]
 [   27  7748  3036    43     0     0     0]
 [    6  1258 27314  9633   148     4     1]
 [    1    31  5043 51837  5460   102     5]
 [    0     1   109  7047 19989  1228   124]
 [    0     0     8   395  3239  3247   458]
 [    1     0     0    22   366   982   676]]


              precision    recall  f1-score   support

           A       0.86      0.70      0.77       309
           B       0.85      0.71      0.78     10854
           C       0.77      0.71      0.74     38364
           D       0.75      0.83      0.79     62479
           E       0.68      0.70      0.69     28498
           F       0.58      0.44      0.50      7347
           G       0.53      0.33      0.41      2047

    accuracy                           0.74    149898
   macro avg       0.72      0.63      0.67    149898
weighted avg       0.74      0.74      0.74    149898